          27
          76
          81
         140
         227
           7
          80
          88
          51
         104
         179
         169
          17
         104
          66
          28
          68
         158
          32
         141
          11
         233
          80
          86
          38
         140
          89
         155
         241
          42
           2
           6
         197
         209
         231
         107
         109
         214
         127
         177
         157
         236
          90
          69
          18
         169
         235
          76
         111
          59
         188
          61
         121
         114
         187
         249
          69
         172
           5
         148
         183
          75
         167
         133
          71
          83
         208
         215
          77
          51
         210
          14
         249
         211
          52
         156
          61
         159
          55
         247
         142
         244
          38
          19
         241
          50
          18
         224
           7
         228
          10
         234
         163
          83
         121
         236
         219
         112
         203
         109
         247
         226
          92
         151
          19
         214
         139
          48
         213
          12
         177
          33
          36
         201
         170
         193
         163
         211
         159
         157
         180
          27
           6
         204
           5
         247
          60
          28
         185
         133
         227
           5
          65
         131
         210
          86
         244
         108
         202
          58
          18
          70
          57
          33
         246
         195
          26
         149
          50
          20
